6 10
6 6 6 4 4 4
14 43
25 6 13 40 23 38 29 7 43 41 6 5 5 17
16 45
20 6 24 13 38 42 15 14 8 3 30 31 35 36 38 19
16 45
30 11 33 2 18 44 12 5 22 9 22 18 16 20 16 41
14 46
1 26 14 44 29 12 40 22 8 29 36 17 20 39
14 34
1 4 25 9 31 16 6 27 10 23 24 30 17 15
9 41
13 16 28 10 20 18 14 29 20
19 30
5 26 15 17 8 30 2 1 16 3 17 29 30 1 29 22 21 26 1
13 25
13 1 3 2 5 13 9 3 4 20 23 19 4
18 23
12 4 11 8 12 15 19 17 8 12 20 17 22 18 3 16 19 9
11 49
16 22 42 31 3 40 35 14 34 28 17
16 22
8 19 14 12 22 18 11 15 19 3 9 16 10 3 6 7
7 33
14 24 12 17 32 19 6
12 27
12 23 19 8 12 26 22 8 25 6 14 25
9 40
5 18 31 9 13 26 17 17 37
11 47
28 2 7 20 24 30 20 34 33 33 9
18 38
2 22 11 19 22 9 34 2 27 22 5 27 24 22 8 34 25 13
13 47
26 4 34 13 17 6 45 19 18 12 10 46 36
13 45
43 4 9 43 18 32 16 12 11 25 4 45 9
12 39
22 24 8 15 15 28 16 2 19 4 23 3
9 20
15 15 11 5 12 5 15 10 4
14 22
14 16 10 19 13 15 6 11 7 15 21 1 7 22
7 49
37 46 17 18 1 29 38
7 34
1 5 32 33 25 2 16
5 37
37 15 32 13 34
14 36
31 22 30 14 19 16 7 8 26 30 20 12 1 6
5 28
15 9 23 3 20
18 23
23 14 23 17 13 3 19 16 20 5 21 15 6 18 15 7 7 10
19 30
1 21 17 29 14 15 16 30 2 6 21 29 13 12 20 15 6 27 12
5 45
8 3 17 18 9
17 38
31 37 15 14 22 28 34 38 35 33 9 5 25 35 32 12 30
13 26
11 20 16 3 22 8 14 6 7 5 10 20 13
13 42
12 40 32 9 22 28 13 2 12 21 40 28 22
14 33
15 21 25 17 30 33 7 28 30 5 22 23 6 1
6 24
8 9 20 5 21 5
11 27
12 19 8 25 21 24 5 11 23 20 15
11 49
47 31 26 37 16 12 10 23 20 37 21
19 47
40 19 8 40 22 43 35 8 8 11 36 28 13 26 20 3 43 42 2
15 36
3 20 1 28 27 33 29 26 29 1 35 31 17 26 25
19 40
23 27 4 21 16 4 19 11 30 17 7 36 3 36 17 13 37 32 11
6 24
23 11 22 17 4 4
17 29
22 25 6 9 3 17 6 12 17 21 26 12 4 27 27 2 27
9 46
22 41 17 23 27 33 24 37 28
6 22
15 21 11 12 18 13
5 30
24 1 26 23 24
11 47
35 36 44 35 44 13 39 10 22 34 10
17 44
13 44 36 8 28 36 10 21 17 40 36 26 12 41 25 36 19
18 29
17 6 2 8 14 7 6 22 11 13 25 4 25 6 19 16 20 6
12 36
26 23 16 14 17 14 19 20 14 23 16 36
6 47
7 37 11 19 12 3
17 43
43 37 21 23 33 30 37 41 12 34 15 36 25 12 11 32 10
